1194310009229860864    000001
1194310054767292421    000011
1194310082345013248    000021
1194310119762354182    000031
1194310156265365507    000041
1194310240721932290    000051
1194310288117551106    000061
1194310341326462976    000071
1194310427355815941    000081
1194310494343061512    000091
1194320622362513420    000101
1194320671284830213    000111
1194320715669004288    000121
1194320770215956481    000131
1194320830685220866    000141
1194320891724861443    000151
1194320948058558467    000161
1194321008297160704    000171
1194321060784685056    000181
1194321178900549632    000191
